%=====Gains================
Kp = -1.0;
Kd = -1.0;

%=====Properties===========
I_open =  [1.18248  0.03798   0.00966;
           0.03798  0.88032   0.05014;
           0.00966  0.05014   1.22037];
I = I_open;

area = 0.25; % m^2
mass = 50.0; % kg
arm = [0.05; 0.05; 0.05]; % m
rem_mag = [-0.51; 0.042; 0.11]; % Am^2